[[  5.65221816e+00   4.00181383e-01   3.80115092e-01   4.97200567e+00
   -1.25014000e-01   2.30114640e+00   3.74705788e+00  -4.00772287e-01
   -2.98359937e+00   1.59274546e-01  -2.10342800e+00   5.09188104e+00
    1.32574896e+00   4.91874980e-01   9.32702111e-01  -7.19929552e-01
    3.87965992e+00   8.29083290e-01   1.48289954e+00   1.61508246e+00
    1.26278419e+00  -5.38013964e-01   1.66747643e+00   1.37619618e+00
    6.13001903e-01  -7.10413696e-01  -1.59078738e+00  -2.48040168e+00
    1.37665119e+00   3.13559224e-01]
 [ -7.70480628e+00   1.44940241e-01   4.54884774e-01  -3.55007985e-01
    1.46248513e+00  -6.93080220e-01   1.79602357e+00  -5.37924529e+00
    5.10577793e+00   6.28549969e-01   1.11931682e+00   8.61329603e-01
    5.07275389e-01  -2.30220787e+00   1.10837074e+00  -8.54528324e-01
    2.50396602e-02   4.02236687e+00   9.87657179e-01  -1.14299280e+00
   -8.82502073e-01  -3.39003975e-03  -4.16811062e+00   1.69772656e-01
   -6.00086972e-01   3.86213080e+00   1.62846660e-01   1.30444660e-01
   -5.12877796e-01   1.55466702e-01]
 [ -3.96300067e+00  -1.98142044e+00   3.62400822e-01   3.38025922e-01
   -1.08830787e+00   5.71668634e+00  -8.29876594e-01   8.02610874e-01
   -7.81835909e-01   1.64273109e-01   2.21112487e-01  -1.88355669e+00
    2.08084924e+00   1.02709924e+00  -3.39320072e+00  -3.69760862e+00
   -2.32842354e-01  -1.17740398e+00  -2.11046863e+00  -5.25373064e+00
    8.40908871e-01   7.27354511e+00   4.75059718e+00  -6.22470979e-01
   -5.85893465e+00  -1.50863396e+00   1.10481849e+00   2.38542119e+00
    2.20400767e+00   1.32393281e-01]
 [  7.72087090e-02   1.40742217e+00   2.47260123e-01  -4.30093751e+00
   -1.04463030e-01  -1.21395144e+01  -1.93866161e+00   5.55313852e+00
    3.61726444e+00   3.28208440e-01  -6.18963874e-01  -1.55269713e+00
   -1.13496430e+01  -4.57486820e+00   5.27253298e-01   9.26363569e-01
   -2.96645305e-02  -1.24482332e+00   8.12701053e-01  -3.65676331e+00
    1.01102867e+00  -5.58919506e+00  -3.16093350e-01  -5.11088649e-01
    8.83861239e+00  -2.09947213e+00  -4.11403233e+00  -4.62133487e+00
   -1.87528385e+00   3.46191778e-01]
 [ -2.07782550e+00   1.42714281e+00   3.90413595e-01  -2.62712983e+00
   -1.18404995e+00  -2.01056416e-01  -1.52231016e+00  -4.40647796e-01
   -1.26309229e+00   2.34821907e-01  -1.42724743e-01  -2.03479694e+00
    2.11777576e+00   8.18268739e+00  -7.56337745e+00   1.60391714e+00
   -1.57655700e+00   9.52656880e-01   1.47470760e+00   5.09561618e+00
    6.18621558e-01  -3.91496650e+00   7.08286478e-01  -1.69808481e+00
   -2.92043087e+00  -8.55840620e-01  -3.36822739e-01  -8.07550443e-01
   -1.72559270e-01   2.24842564e-01]
 [  4.62919920e+00  -1.04829934e+00   1.17867686e-01   1.34054479e+00
    4.27496934e-01   4.22354162e+00   7.07071081e-01  -7.06984787e-01
   -2.73334144e+00   6.49542707e-02   1.57556566e-01   1.67541128e-01
    5.25011535e+00  -2.78453221e+00   7.65366526e+00   1.12132093e+00
    7.90436307e-01  -3.45866495e+00  -3.04279995e+00   2.20851084e+00
   -2.23668502e+00   2.48059360e+00  -2.01860224e+00   3.08477753e+00
   -7.90651430e-02   5.16844882e-01   3.83855426e+00   4.22160685e+00
   -2.40459395e-01   4.95195750e-01]]