[[-1.43858069 -3.85241736  0.6309517   2.27106488  4.4681797 ]
 [ 1.40915797 -1.56220418  0.34235823  0.25325815 -0.4039993 ]
 [ 0.91905946 -0.00592732 -0.7131994  -0.70098371 -0.25533198]
 [-2.67661165 -1.37861559 -2.43730494  2.01182712 -0.61161594]
 [ 0.61093781  1.35334905 -0.23063034 -1.24279233 -1.8746902 ]
 [ 2.96000114  3.6295179  -2.79721306 -3.17851079 -0.21327524]
 [-0.08832014  0.74187551 -2.18928051 -0.77655464 -3.12058607]
 [ 0.07860887  0.96636396  4.18491513 -2.17261259  0.1163774 ]
 [ 0.7668987   2.20907041  5.17017047  2.19643934  2.56099841]
 [ 0.80023477  0.07657446 -0.53559299 -0.69876481  0.03531654]
 [ 2.00523338  0.70736604 -2.46724167 -0.65228966  0.06375255]
 [ 0.53389122  1.83563733  2.40289454  0.51382054  0.39526886]
 [-1.05656604 -1.17651276 -3.15989021 -0.67874     0.01075943]
 [-1.22631657  0.297069   -1.60974645  3.21489125  1.08318987]
 [-1.5697059  -1.87746819 -0.55388697 -2.40119705 -0.68450712]
 [ 4.17526597 -2.06165231 -1.40832115 -0.66944812 -0.93568502]
 [-4.41799295 -1.85245087  1.62102659 -1.22260637  0.3485617 ]
 [-2.08143184 -0.58909046 -1.87261012 -1.10447932 -1.73469949]
 [-1.73702454 -0.49724542 -1.25929229 -0.75074527 -3.15523064]
 [ 3.50985082 -2.02098304 -1.17836449  2.81151475  0.64119872]
 [ 0.1485045   0.17674753 -0.34664179  1.7563222  -1.92538923]
 [ 1.26388557  0.73833004 -2.6858828   2.3501247   0.84873771]
 [ 1.29178805  0.82846437 -1.11412827 -1.70597064 -0.09587725]
 [-1.14140924  1.86833649  0.04910588  0.42504391  3.59203561]
 [-0.8116846  -1.07397981  1.56749148  0.63062752  1.28569156]
 [-0.85835152  3.80720538 -1.75777018 -2.1515377   0.72637326]
 [-0.71427922 -2.07411101 -1.10848471 -3.39491232 -1.30728838]
 [-2.05293742 -2.50685496 -2.19005092 -3.11216731 -3.7182347 ]
 [ 1.99605617 -0.88065668  1.11750496  2.31196691 -0.15126565]
 [ 0.6006859  -0.09504563 -0.63726808 -0.79250899 -0.62852925]]